1464705791
1939
100030600453924
100030554461502
100030095478694
100030058659980
100029830755173
100029599961457
100029306196585
100028998383034
100028942877176
100028893063279
100028177628985
100027799477298
100027716138461
100027655691207
100027629523945
100027626885541
100027622365726
100027481362963
100027424852976
100026773051086
100026700968290
100026644027695
100026603717983
100025956877054
100025684488461
100024817728093
100024710706054
100024349969858
100024012758502
100023903224020
100023325018252
100022740303591
100022587891880
100022093823985
100021979516210
100021822002096
100021573549530
100020691161356
100018666130614
100018179161449
100017133123502
100016957742579
100016746635931
100016657271125
100016072395209
100015878026040
100015447480155
100015133179259
100015051180568
100014893984727
100014865424842
100014735558402
100014342266084
100014233535232
100014225023417
100013887883144
100013060055794
100013017799354
100012791315099
100012683413154
100012571591700
100011228764625
100010410001563
100009979661100
100009822642722
100009601968444
100009462804386
100009408707377
100009367395167
100008851267500
100008628798927
100008149775017
100008076270931
100007935399449
100007821305051
100007766406240
100007636357807
100007580439642
100007458306731
100007417481255
100007252412572
100007076734316
100006921720980
100006472219852
100006362259606
100006164350395
100006086536975
100006081551733
100005801314067
100005597523229
100005510623483
100005303258354
100005300234890
100005275835447
100004847864286
100004563399776
100004537058014
100004454174942
100004124076867
100003907970922
100003906692193
100003854215161
100003808622989
100003358667200
100003142192163
100003085544670
100003029325691
100002952010530
100002595112053
100002504231940
100002452677387
100002449967399
100002433117472
100002367162292
100002216959209
100002158294712
100002154005632
100002103050831
100002078682738
100002068557424
100002046004150
100001800818441
100001771437994
100001771353692
100001726507967
100001705753469
100027665370215
100001695843597
100001586672830
100001534378858
100001522451798
100001496216161
100001447491855
100001420759949
100001392305252
100001346628051
100010391322660
100001286124613
100001236714397
100001201354837
100001149208199
100001129607355
100001039232438
100000954847866
100000923010983
100000914124705
100000894547623
100000882290927
100000861070474
100000855697263
100000794875360
100000739653594
100000681518038
100000656273203
100000630367779
100000614113669
100000606496238
100000598706107
100000593994852
100000581394335
100000579456233
100000570374168
100000544100127
100000543921210
100000527944751
100000523655490
100000522186990
100000507812586
100000502055399
100000497172139
100000485027020
100000448849027
100000443972205
100000437130919
100000419345417
100000397437473
100000393831687
100000305006039
100000299599240
100000242004779
100000223805521
100000211195952
100000205749752
100000184674218
100000140923588
100000133368234
100000087698281
100000078154287
100000054790122
100000043964040
100000041464246
100000004152282
1832636412
1804081768
1792714549
1783751521
1759490558
1759347332
1753530050
1751273194
1733737907
1718450575
1686771937
1686048727
1682180048
100003798228680
1668504242
1667243613
1661164447
1654765087
1634191510
1624567165
1617907514
1596963408
1564486620
1563594996
1553020891
1534305434
1517238987
1494188263
1487738967
1484654568
1478910235
1459507700
1457520166
1436443710
1428961791
1422447773
1418181993
1411604452
1365285463
1343065790
1320720177
1320142978
1291158760
1272168291
1262675970
1236060458
1235779475
1233526307
1220527001
1219398174
1219248915
1180340461
1158314252
1152945021
1097237646
1085061999
1069542671
1031538874
1026570711
1022657121
1009777861
819705486
808704950
100031290815982
789047829
774064277
745433269
699046316
698690062
691103033
686470606
685047302
678894121
660733036
651485189
610674782
609955159
597975957
587140236
577802687
574435048
554605437
542419106
532331910
528410158
516318448
512072321
510383380
509802854
505482175
100027824121939
1464705791
100030600453924
100030554461502
100030095478694
100030058659980
100029830755173
100029599961457
100029306196585
100028998383034
100028942877176
100028893063279
100028177628985
100027799477298
100027716138461
100027655691207
100027629523945
100027626885541
100027622365726
100027481362963
100027424852976
100026773051086
100026700968290
100026644027695
100026603717983
100025956877054
100025684488461
100024817728093
100024710706054
100024349969858
100024012758502
100023903224020
100023325018252
100022740303591
100022587891880
100022093823985
100021979516210
100021822002096
100021573549530
100020691161356
100018666130614
100018179161449
100017133123502
100016957742579
100016746635931
100016657271125
100016072395209
100015878026040
100015447480155
100015133179259
100015051180568
100014893984727
100014865424842
100014735558402
100014342266084
100014233535232
100014225023417
100013887883144
100013060055794
100013017799354
100012791315099
100012683413154
100012571591700
100011228764625
100010410001563
100009979661100
100009822642722
100009601968444
100009462804386
100009408707377
100009367395167
100008851267500
100008628798927
100008149775017
100008076270931
100007935399449
100007821305051
100007766406240
100007636357807
100007580439642
100007458306731
100007417481255
100007252412572
100007076734316
100006921720980
100006472219852
100006362259606
100006164350395
100006086536975
100006081551733
100005801314067
100005597523229
100005510623483
100005303258354
100005300234890
100005275835447
100004847864286
100004563399776
100004537058014
100004454174942
100004124076867
100003907970922
100003906692193
100003854215161
100003808622989
100003358667200
100003142192163
100003085544670
100003029325691
100002952010530
100002595112053
100002504231940
100002452677387
100002449967399
100002433117472
100002367162292
100002216959209
100002158294712
100002154005632
100002103050831
100002078682738
100002068557424
100002046004150
100001800818441
100001771437994
100001771353692
100001726507967
100001705753469
100027665370215
100001695843597
100001586672830
100001534378858
100001522451798
100001496216161
100001447491855
100001420759949
100001392305252
100001346628051
100010391322660
100001286124613
100001236714397
100001201354837
100001149208199
100001129607355
100001039232438
100000954847866
100000923010983
100000914124705
100000894547623
100000882290927
100000861070474
100000855697263
100000794875360
100000739653594
100000681518038
100000656273203
100000630367779
100000614113669
100000606496238
100000598706107
100000593994852
100000581394335
100000579456233
100000570374168
100000544100127
100000543921210
100000527944751
100000523655490
100000522186990
100000507812586
100000502055399
100000497172139
100000485027020
100000448849027
100000443972205
100000437130919
100000419345417
100000397437473
100000393831687
100000305006039
100000299599240
100000242004779
100000223805521
100000211195952
100000205749752
100000184674218
100000140923588
100000133368234
100000087698281
100000078154287
100000054790122
100000043964040
100000041464246
100000004152282
1832636412
1804081768
1792714549
1783751521
1759490558
1759347332
1753530050
1751273194
1733737907
1718450575
1686771937
1686048727
1682180048
100003798228680
1668504242
1667243613
1661164447
1654765087
1634191510
1624567165
1617907514
1596963408
1564486620
1563594996
1553020891
1534305434
1517238987
1494188263
1487738967
1484654568
1478910235
1459507700
1457520166
1436443710
1428961791
1422447773
1418181993
1411604452
1365285463
1343065790
1320720177
1320142978
1291158760
1272168291
1262675970
1236060458
1235779475
1233526307
1220527001
1219398174
1219248915
1180340461
1158314252
1152945021
1097237646
1085061999
1069542671
1031538874
1026570711
1022657121
1009777861
819705486
808704950
100031290815982
789047829
774064277
745433269
699046316
698690062
691103033
686470606
685047302
678894121
660733036
651485189
610674782
609955159
597975957
587140236
577802687
574435048
554605437
542419106
532331910
528410158
516318448
512072321
510383380
509802854
505482175
100027824121939
1464705791
